111 (1111111111111

ν1111111111111111111111111111111Η11011·
pso 111111111111111111 11111 1111111111
1111111111111111 1ι 11111111111111111
11111111111111111111μ1111111111 1111111111,
8111111111111111111111111111111111111111111111111111
111111111111111111111111111111 [1111111111
1111111111111111111111111111111111
1111111111111111111 111111111111111111111
111111111111111111111111111111111111111101
10111113 110111111111111111111 111111111111111111
1111111111111111111111111 111 Namopor
1110111111111111111111111111111 111 1111111111
1111111111 absumere 1111111 1'5111111 fore
1111111 11111 Nih 11111111111111111111111111111111
1011111111)11111111111111111111111111111111111
faci at D1 1111111111111,1 1111 1111111111111
-111111111111111111111111 Cm 11111111111111
11111111111111111111111111111, exeo ,11111111
11111111111111 simii 11111 naturam appetu,

11111111181115111111111101111111111181111
(1111111111 13118111111111111111111111111
11111111111111111111111111111 1111111111111
11111111111111111111111111,111111111 1111111
111111111111,1ὲ111111’11111111111111111111111

11111311111111 1111181111111111111111
111,

 

