1

PRszps 11,

11,»,1111111111111111111111111111,111111111Πὲ ⁴
11) 1111111111111111111111111111111111111111
1111111111 11111,1,111)111111111111 111 > ,
11111’Τ111111111111111111111111111111 111
1111111111. 1111111111111111161111111111 -
1111111111111111111111111111111111111111111111,
1111111111111111111111111111111111111 Cui
1111111· 11111111111111111181111
111111 111111111111111111 1111.1111
Mo 11111111111111111111111111111111
1111111111 11111111 11111 1111111111111
1111111111 11111111111111111111111111
,111-11111 11 11111111111111111111
lips 1111111111,111)11’ρ1111111’1 111011, 111
1111111111 111111) 11111,Ε1111111)11111
1111 1111111111 111110111111181 l,umqu1‘
111111111111111111,111111111111111111111111111
1111111111111,1]111111111110111111111111111)
1111,11 11111111111111111,111)111)1)111111
11111111 1111111811 1111111111111011

1111111 11111 11111111 1111111 111111111111 2
1111 111111 111 (1111111111 111111111111111)
1111111111,11111111111111111111111111111101
1111111111 11111111111111 Postmodsxm&
· 1111111111111111111111111111111111111,1]111

Gv&

 

