11 1111111 1111111111

1111111111111111111111. 1111111111111
sTTTsTTTuTTTTTT 11111111 1111
hTTTTTTTTsTTTTTTTTTT 111111 111ι
1111111111111111111111111111111111111»11».’1,11”..
111111111111111111 1111111111 1111
[11111111111111111111111111111111 1111

(11111111 TTT 11111111111111111
1111111111111111 1,11111111111111 TT 11111111
1111111 111111 ’11111111 ,1111 1111111111
“ 1111111111111111011111111111111111
1111111111111111111111111111111111

11111111111111111111111111111,111
1111191111111111 1111111111 ,1111 T,
11111 1111111111111111 11111111111 1111111 TT:
11111111111111111111111111111111111

1111111111111111111111. TTTTTTT ,11111 111111 1111111»
TTTTT'T 1111111111, 111111111111111111 1111111111
11 0111111111111111111111111111111Α
111111111111111111111111111111111111111111
tuTTTToTToTtToTT 111111111111111111
101101111111111111111111111111111111111
11111111111111111111111111111111111111111
11111111111111111111111111111* 1,.» 111 11111

61111111111111111111 11111111 111111 111111
111111111111111111111111111111111111
111111

 

