THEORITQ W

133333133331333313331333133133333)111333 31
3331133 333333 ,3331133113 3333333131 1133331 11313331 3313,
331’3ῖ333331)333’3333’,13131 1313113113031313331133
41111313133 31333 4444th imprimit. 44444444
44 333 333 31311111 13133133 ,4444 44 44 3333 444<Q
44444404444444 113133133333431113 11333313· 313113
3331331333113113133113 1333311133, 44 33
441'4444 physicus ,1131133313 33331333 4444·

3113 3113333333 1333313113 .,Η3333331333 11131111
13331111313311133313333331 33(3111 3113 ,
111311 Coss 3111111
333313133131333,3331333311331 3 ”
3311311 331333333333111133 11
333331313333 3311333333 311111313333113 ,13131111
11133133331111 333133113113,333313313311113
133131331333133 3111333113311313313331313,
333333331311313113131333311133133313313313
333313 3113131311113,131133 31333·
13111 Ἢ(133 ,1191111111
3131311333,3313133131111,3311313 4444

113131 31133111 133113, 3133111 44443444: 4444444444444
3131331 33133 3311331313313331133331313333331

333113 3331113333 331 1131131 (1,31 4'1444
3133333183 313313 ,1313331133ῃὸ3 83151333
11311333303333063313133333331133

33 31311333

 

